Model_ID, [(c_i,i=0,n)_j,j=1,ntask]
           1   -0.3573570029E+00   -0.2818514722E+00
           2   -0.5655360767E+00   -0.6014258272E+00
           3   -0.2028637421E-01   -0.1630718139E+01
           4   -0.4534986514E+00   -0.2689332881E+00
           5   -0.3309623693E+00   -0.8440676945E+00
           6   -0.2879082093E+00   -0.7828159031E+00
           7   -0.2465468044E+00   -0.6019985151E+00
           8   -0.5582480327E+00   -0.9858637307E+00
           9   -0.4464668192E+00   -0.6495329455E+00
          10   -0.7032988178E+00   -0.1588093569E-02
          11   -0.5408251461E+00   -0.7453572488E-01
          12   -0.6772899679E-01   -0.1787389805E+01
          13   -0.7035716516E+00    0.2815048804E-03
          14   -0.3938921194E+00   -0.2171110280E+00
          15   -0.7858867989E+00   -0.3196747169E-02
          16   -0.5752705826E+00   -0.1766109202E-02
          17   -0.5488226507E+00   -0.9782996406E+00
          18    0.5836534840E-02   -0.2737800170E+01
          19   -0.5746493864E+00   -0.1913221640E+00
          20   -0.5287214003E+00   -0.7317656850E-01
