Model_ID, [(c_i,i=0,n)_j,j=1,ntask]
           1    0.1626686146E+00   -0.8789549192E+00    0.3396252716E-02
           2    0.3049444948E+00   -0.1466261497E+01    0.7334140134E-02
           3    0.2871262732E+00   -0.1549519864E+01    0.3301739479E-02
           4    0.2596518832E+00   -0.8843311725E+00    0.4951383289E-01
           5    0.2932944913E+00   -0.1465017089E+01   -0.1286909903E-02
           6   -0.4055420352E+00   -0.3210238180E+00    0.1298667784E-01
           7    0.3392261451E+00   -0.9853270375E+00    0.1240949303E-02
           8    0.1885073269E+00   -0.8449184839E+00    0.1910712482E-01
           9    0.2510532429E+00   -0.8755558718E+00    0.3472614955E-01
          10    0.3194770516E+00   -0.1495421499E+01    0.1891947090E-01
          11   -0.3226057915E+00   -0.3367840358E+00    0.7447376688E-02
          12    0.4073472643E-01   -0.7826727150E+00    0.1959570191E-03
          13    0.1749398371E+00   -0.1392133072E+01    0.1240959322E-01
          14    0.1594424420E+00   -0.8269772603E+00    0.2516207989E-01
          15    0.3484710556E+00   -0.1516502719E+01    0.8704257604E-02
          16   -0.3295336333E+00   -0.3368951808E+00   -0.1316414974E-02
          17   -0.1033575283E+00   -0.5411058156E+00    0.3049384649E-02
          18    0.1598446491E+00   -0.1384935450E+01    0.1930647300E-03
          19    0.4202292711E+00   -0.1564550222E+01    0.2388228851E-01
          20   -0.2892332746E+00   -0.3496990816E+00    0.8997829569E-02
