        Rank        RMSE       MaxAE  Feature_ID
           1    0.368691    2.742077  (      37     156)
           2    0.372689    2.806492  (      28     146)
           3    0.374952    2.733753  (      28     156)
           4    0.377396    2.789986  (      37     185)
           5    0.377586    2.819387  (      28     135)
           6    0.377612    2.939528  (      94     130)
           7    0.378290    2.785830  (      37     179)
           8    0.379557    2.787228  (      37     191)
           9    0.379916    2.786628  (      37     144)
          10    0.379924    2.774603  (      28     191)
          11    0.379990    2.837524  (      94     146)
          12    0.380987    2.942236  (      37     180)
          13    0.381023    2.910111  (      28     130)
          14    0.381934    2.890855  (      37     132)
          15    0.382482    2.816297  (      28     114)
          16    0.382547    2.849492  (      94     135)
          17    0.382778    2.959804  (       7     156)
          18    0.383234    2.929287  (      28     180)
          19    0.383601    2.805584  (      28     103)
          20    0.384615    2.845957  (      94     114)
