        Rank        RMSE       MaxAE  Feature_ID
           1    0.449821    2.939027  (       1)
           2    0.467385    2.822607  (       2)
           3    0.475945    3.908632  (       3)
           4    0.476270    2.675124  (       4)
           5    0.480446    3.115717  (       5)
           6    0.481486    2.883051  (       6)
           7    0.482592    3.281714  (       7)
           8    0.485519    2.799893  (       8)
           9    0.485951    3.814768  (       9)
          10    0.486792    3.178462  (      10)
          11    0.487168    3.020503  (      11)
          12    0.487745    3.262126  (      12)
          13    0.488014    3.212524  (      13)
          14    0.488113    3.327107  (      14)
          15    0.489090    3.382100  (      15)
          16    0.489607    3.003351  (      16)
          17    0.489628    2.918208  (      17)
          18    0.490285    3.623704  (      18)
          19    0.490912    2.915190  (      19)
          20    0.491128    3.322927  (      20)
